100
1 4 85
1 7 56
1 36 15
1 40 51
1 44 80
1 47 46
1 71 110
1 99 89
2 17 26
2 18 54
2 20 43
2 45 70
2 72 29
3 13 10
3 24 19
3 41 55
3 49 67
3 54 19
3 55 25
3 59 5
3 61 12
3 66 23
4 1 85
4 7 24
4 31 28
4 34 35
4 40 49
4 47 79
4 52 4
4 56 25
4 57 9
4 60 13
4 63 11
4 85 13
4 87 31
4 89 69
5 16 75
5 33 31
5 42 23
5 83 11
5 92 12
5 95 42
6 28 63
6 94 15
7 1 56
7 4 24
7 9 68
7 36 58
7 43 44
7 47 4
7 56 87
7 68 8
7 69 33
7 85 4
8 9 42
8 57 38
8 58 36
8 63 7
8 65 52
8 71 94
8 76 17
8 80 26
8 87 9
9 7 68
9 8 42
9 34 29
9 40 37
9 44 14
9 47 44
9 48 25
9 60 17
9 63 57
9 65 19
9 67 6
9 68 52
9 85 30
9 89 23
9 91 40
10 17 113
10 25 20
10 27 78
10 73 53
10 77 6
10 82 73
10 94 30
10 98 13
11 23 28
11 30 25
11 37 87
11 49 23
11 50 51
11 53 36
11 55 46
11 66 56
11 74 10
11 86 16
11 93 24
12 32 6
12 42 25
12 64 47
12 81 10
12 92 16
13 3 10
13 23 19
13 41 41
13 50 64
13 51 36
13 53 14
13 54 39
13 74 26
13 84 77
13 86 16
13 97 45
14 41 85
14 46 15
14 50 26
14 61 72
14 84 87
14 86 2
14 93 81
14 97 39
15 34 61
15 47 33
15 52 11
15 60 13
15 67 27
15 76 54
15 78 39
16 5 75
16 33 117
16 81 21
16 83 32
16 92 18
16 95 38
17 2 26
17 10 113
17 18 27
17 39 70
17 62 37
17 73 34
17 82 32
17 98 27
18 2 54
18 17 27
18 20 14
18 22 39
18 25 38
18 28 7
18 35 9
18 45 17
18 62 77
18 82 9
18 94 26
19 21 67
19 26 28
19 29 140
19 42 14
19 64 53
19 81 34
19 95 35
19 96 15
20 2 43
20 18 14
20 22 10
20 25 66
20 35 31
20 45 30
20 73 71
20 82 34
20 94 16
21 19 67
21 32 23
21 33 58
21 64 46
21 81 19
21 83 52
21 92 68
21 96 50
22 18 39
22 20 10
22 27 47
22 75 28
22 77 18
23 11 28
23 13 19
23 24 16
23 30 19
23 37 28
23 41 111
23 53 11
23 54 28
23 59 38
23 66 14
23 74 40
23 84 64
23 97 16
23 100 31
24 3 19
24 23 16
24 41 27
24 51 24
24 55 116
24 61 13
24 74 79
24 84 41
24 93 26
24 100 43
25 10 20
25 18 38
25 20 66
25 27 47
25 35 59
25 72 3
25 73 51
25 94 58
26 19 28
26 29 30
26 64 122
26 95 37
26 96 44
27 10 78
27 22 47
27 25 47
27 62 21
27 72 24
27 77 96
27 82 56
28 6 63
28 18 7
28 72 80
28 73 23
28 88 36
28 98 12
29 19 140
29 26 30
29 33 62
29 42 7
29 64 3
29 83 33
29 96 16
30 11 25
30 23 19
30 51 54
30 53 13
30 74 27
31 4 28
31 38 53
31 57 50
31 65 37
31 70 23
31 87 6
31 99 45
32 12 6
32 21 23
32 33 19
32 81 65
33 5 31
33 16 117
33 21 58
33 29 62
33 32 19
33 42 47
33 95 46
33 96 70
34 4 35
34 9 29
34 15 61
34 38 38
34 40 22
34 47 16
34 48 49
34 56 36
34 57 46
34 65 58
34 70 26
34 80 20
34 87 10
34 89 11
35 18 9
35 20 31
35 25 59
35 82 31
35 94 45
36 1 15
36 7 58
36 40 14
36 43 49
36 44 13
36 68 66
36 80 74
36 91 52
37 11 87
37 23 28
37 46 31
37 49 25
37 50 58
37 51 6
37 53 22
37 66 15
37 79 6
37 100 30
38 31 53
38 34 38
38 40 33
38 70 131
38 89 28
39 17 70
39 62 43
39 77 29
40 1 51
40 4 49
40 9 37
40 34 22
40 36 14
40 38 33
40 43 62
40 48 26
40 52 37
40 67 52
40 69 10
40 71 33
40 76 118
40 78 25
40 87 10
41 3 55
41 13 41
41 14 85
41 23 111
41 24 27
41 51 29
41 53 15
41 55 66
41 61 22
41 66 13
41 90 8
42 5 23
42 12 25
42 19 14
42 29 7
42 33 47
42 64 20
42 81 55
42 83 30
42 92 18
42 95 61
43 7 44
43 36 49
43 40 62
43 48 27
43 52 12
43 56 27
43 63 3
43 70 25
44 1 80
44 9 14
44 36 13
44 63 5
44 70 26
44 71 48
44 78 18
44 85 40
44 87 34
44 99 54
45 2 70
45 18 17
45 20 30
45 73 24
45 94 11
45 98 19
46 14 15
46 37 31
46 53 52
46 55 41
46 59 65
46 79 25
46 84 99
46 90 31
46 93 15
47 1 46
47 4 79
47 7 4
47 9 44
47 15 33
47 34 16
47 52 15
47 58 44
47 65 33
47 67 19
47 69 12
47 78 14
48 9 25
48 34 49
48 40 26
48 43 27
48 58 145
48 60 10
48 65 33
48 70 7
48 78 48
48 85 18
49 3 67
49 11 23
49 37 25
49 50 30
49 53 20
49 59 21
49 66 20
49 93 20
50 11 51
50 13 64
50 14 26
50 37 58
50 49 30
50 51 41
50 53 73
50 54 35
50 55 69
50 84 57
50 86 46
51 13 36
51 24 24
51 30 54
51 37 6
51 41 29
51 50 41
51 55 40
51 79 23
51 90 28
52 4 4
52 15 11
52 40 37
52 43 12
52 47 15
52 65 21
52 76 18
53 11 36
53 13 14
53 23 11
53 30 13
53 37 22
53 41 15
53 46 52
53 49 20
53 50 73
53 55 51
53 61 83
53 74 55
54 3 19
54 13 39
54 23 28
54 50 35
54 97 40
55 3 25
55 11 46
55 24 116
55 41 66
55 46 41
55 50 69
55 51 40
55 53 51
55 66 88
55 79 5
55 93 19
56 4 25
56 7 87
56 34 36
56 43 27
56 58 20
56 67 73
56 71 45
56 78 113
56 89 25
57 4 9
57 8 38
57 31 50
57 34 46
57 68 10
57 76 18
58 8 36
58 47 44
58 48 145
58 56 20
58 65 32
58 68 69
58 70 63
58 76 47
59 3 5
59 23 38
59 46 65
59 49 21
59 90 60
59 97 36
60 4 13
60 9 17
60 15 13
60 48 10
60 63 86
60 65 65
60 69 35
60 70 57
60 78 9
60 89 35
61 3 12
61 14 72
61 24 13
61 41 22
61 53 83
61 66 30
61 79 31
61 90 35
61 100 51
62 17 37
62 18 77
62 27 21
62 39 43
62 73 76
62 75 33
62 77 17
62 82 12
63 4 11
63 8 7
63 9 57
63 43 3
63 44 5
63 60 86
63 71 45
63 76 29
63 87 42
64 12 47
64 19 53
64 21 46
64 26 122
64 29 3
64 42 20
64 81 36
64 92 30
64 95 29
65 8 52
65 9 19
65 31 37
65 34 58
65 47 33
65 48 33
65 52 21
65 58 32
65 60 65
65 68 51
65 69 15
65 70 37
65 76 8
65 78 7
65 85 17
66 3 23
66 11 56
66 23 14
66 37 15
66 41 13
66 49 20
66 55 88
66 61 30
66 74 22
66 90 25
66 97 48
67 9 6
67 15 27
67 40 52
67 47 19
67 56 73
67 89 92
67 99 28
68 7 8
68 9 52
68 36 66
68 57 10
68 58 69
68 65 51
68 71 7
68 85 16
69 7 33
69 40 10
69 47 12
69 60 35
69 65 15
69 78 9
70 31 23
70 34 26
70 38 131
70 43 25
70 44 26
70 48 7
70 58 63
70 60 57
70 65 37
70 71 6
70 87 20
70 99 18
71 1 110
71 8 94
71 40 33
71 44 48
71 56 45
71 63 45
71 68 7
71 70 6
72 2 29
72 25 3
72 27 24
72 28 80
72 77 107
72 82 31
73 10 53
73 17 34
73 20 71
73 25 51
73 28 23
73 45 24
73 62 76
73 77 16
73 88 53
74 11 10
74 13 26
74 23 40
74 24 79
74 30 27
74 53 55
74 66 22
74 86 31
74 90 28
74 100 14
75 22 28
75 62 33
75 88 87
76 8 17
76 15 54
76 40 118
76 52 18
76 57 18
76 58 47
76 63 29
76 65 8
76 87 11
77 10 6
77 22 18
77 27 96
77 39 29
77 62 17
77 72 107
77 73 16
78 15 39
78 40 25
78 44 18
78 47 14
78 48 48
78 56 113
78 60 9
78 65 7
78 69 9
78 80 36
78 85 66
79 37 6
79 46 25
79 51 23
79 55 5
79 61 31
80 8 26
80 34 20
80 36 74
80 78 36
80 89 21
80 99 31
81 12 10
81 16 21
81 19 34
81 21 19
81 32 65
81 42 55
81 64 36
81 83 23
81 95 27
82 10 73
82 17 32
82 18 9
82 20 34
82 27 56
82 35 31
82 62 12
82 72 31
82 98 34
83 5 11
83 16 32
83 21 52
83 29 33
83 42 30
83 81 23
84 13 77
84 14 87
84 23 64
84 24 41
84 46 99
84 50 57
84 97 21
85 4 13
85 7 4
85 9 30
85 44 40
85 48 18
85 65 17
85 68 16
85 78 66
86 11 16
86 13 16
86 14 2
86 50 46
86 74 31
86 93 40
86 100 65
87 4 31
87 8 9
87 31 6
87 34 10
87 40 10
87 44 34
87 63 42
87 70 20
87 76 11
88 28 36
88 73 53
88 75 87
88 94 86
89 4 69
89 9 23
89 34 11
89 38 28
89 56 25
89 60 35
89 67 92
89 80 21
89 91 46
90 41 8
90 46 31
90 51 28
90 59 60
90 61 35
90 66 25
90 74 28
90 97 23
91 9 40
91 36 52
91 89 46
92 5 12
92 12 16
92 16 18
92 21 68
92 42 18
92 64 30
92 95 33
92 96 52
93 11 24
93 14 81
93 24 26
93 46 15
93 49 20
93 55 19
93 86 40
93 97 16
93 100 41
94 6 15
94 10 30
94 18 26
94 20 16
94 25 58
94 35 45
94 45 11
94 88 86
95 5 42
95 16 38
95 19 35
95 26 37
95 33 46
95 42 61
95 64 29
95 81 27
95 92 33
95 96 24
96 19 15
96 21 50
96 26 44
96 29 16
96 33 70
96 92 52
96 95 24
97 13 45
97 14 39
97 23 16
97 54 40
97 59 36
97 66 48
97 84 21
97 90 23
97 93 16
98 10 13
98 17 27
98 28 12
98 45 19
98 82 34
99 1 89
99 31 45
99 44 54
99 67 28
99 70 18
99 80 31
100 23 31
100 24 43
100 37 30
100 61 51
100 74 14
100 86 65
100 93 41
